		===== 【START】 =====


NOW IN Init()
Published rgbimg successed!
800640
端点：375 84
端点：84 96
端点：716 270
端点：86 284
端点：716 348
端点：623 452
端点：318 465
端点：650 499
端点：713 545
端点：86 547
端点：351 554
端点：493 555
0=============
	Cross0		[627, 264]
	Cross1		[403, 123]
	Cross2		[666, 219]
	Cross3		[511, 207]
	Cross4		[256, 372]
	Cross5		[248, 154]
	Cross6		[125, 374]
	Cross7		[640, 340]
	Cross8		[210, 409]
	Cross9		[503, 282]
	Cross10		[139, 143]
	Cross11		[238, 246]
	Cross12		[457, 254]
	Cross13		[264, 427]
	Cross14		[351, 210]
	Cross15		[411, 222]
	Cross16		[346, 436]
	Cross17		[141, 533]
	Cross18		[556, 261]
	Cross19		[458, 482]
	Cross20		[286, 218]
	Cross21		[558, 477]
	Cross22		[329, 542]
	Cross23		[572, 317]
	Cross24		[171, 337]
	Cross25		[422, 428]
	Cross26		[374, 316]
	Cross27		[253, 294]
	Cross28		[167, 275]
	Cross29		[279, 481]
	Cross30		[640, 418]
	Cross31		[434, 305]
	Cross32		[119, 449]
	Cross33		[371, 377]
	Cross34		[512, 436]
	Cross35		[527, 524]
	Cross36		[295, 344]
	Cross37		[113, 280]
	Cross38		[420, 180]
	Cross39		[191, 490]
	Cross40		[310, 250]
	Cross41		[572, 439]
	Start - 1 - 38 - 15 - 40 - 20 - 5 - 10 - 37 - 6 - 8 - 4 - 36 - 26 - 31 - 9 - 18 - 0 - 30 - 41 - 34 - 25 - 16 - 13 - 8 - 24 - 28 - 11 - 27 - 4 - 13 - 29 - 22 - End
	Start - 10 - 5 - 1 - 2 - 2 - End
	Start - 37 - 28 - 11 - 20 - 14 - 15 - 12 - 9 - 23 - 7 - End
	Start - 21 - 19 - 25 - 34 - 19 - 16 - 33 - 26 - 36 - 33 - 31 - 12 - 3 - 0 - 7 - 30 - End
	Start - 29 - 39 - 32 - 6 - 24 - 27 - 40 - 14 - 38 - 3 - 18 - 23 - 41 - 21 - 35 - End
	Start - 35 - 22 - 17 - 32 - 39 - 17 - End
all end used!
	LINE	INDEX	CROSS	CLASS
0	235	236	360	361	412	413	599	600	693	694	826	
	1	0	1	0
	1	1	38	0
	1	2	15	0
	1	3	40	0
	1	4	20	0
	1	5	5	0
	1	6	10	0
	1	7	37	1
	1	8	6	0
	1	9	8	0
	1	10	4	0
	1	11	36	1
	1	12	26	1
	1	13	31	0
	1	14	9	0
	1	15	18	1
	1	16	0	0
	1	17	30	1
	1	18	41	0
	1	19	34	1
	1	20	25	1
	1	21	16	1
	1	22	13	0
	1	23	8	1
	1	24	24	0
	1	25	28	0
	1	26	11	1
	1	27	27	0
	1	28	4	1
	1	29	13	1
	1	30	29	1
	1	31	22	0
	2	32	10	1
	2	33	5	1
	2	34	1	1
	2	35	2	0
	2	36	2	1
	3	37	37	0
	3	38	28	1
	3	39	11	0
	3	40	20	1
	3	41	14	0
	3	42	15	1
	3	43	12	0
	3	44	9	1
	3	45	23	1
	3	46	7	0
	4	47	21	0
	4	48	19	1
	4	49	25	0
	4	50	34	0
	4	51	19	0
	4	52	16	0
	4	53	33	0
	4	54	26	0
	4	55	36	0
	4	56	33	1
	4	57	31	1
	4	58	12	1
	4	59	3	0
	4	60	0	1
	4	61	7	1
	4	62	30	0
	5	63	29	0
	5	64	39	1
	5	65	32	1
	5	66	6	1
	5	67	24	1
	5	68	27	1
	5	69	40	1
	5	70	14	1
	5	71	38	1
	5	72	3	1
	5	73	18	0
	5	74	23	0
	5	75	41	1
	5	76	21	1
	5	77	35	0
	6	78	35	1
	6	79	22	1
	6	80	17	0
	6	81	32	0
	6	82	39	0
	6	83	17	1
=======================================124
======= I ========

