		===== 【START】 =====


NOW IN Init()
Published rgbimg successed!
800640
端点：316 85
端点：513 85
端点：608 161
端点：132 303
端点：712 415
端点：83 462
端点：85 547
端点：522 551
0=============
	Cross0		[511, 234]
	Cross1		[176, 404]
	Cross2		[545, 163]
	Cross3		[496, 178]
	Cross4		[637, 325]
	Cross5		[453, 213]
	Cross6		[531, 374]
	Cross7		[283, 372]
	Cross8		[225, 330]
	Cross9		[256, 447]
	Cross10		[451, 291]
	Cross11		[441, 361]
	Cross12		[389, 392]
	Cross13		[334, 392]
	Cross14		[546, 317]
	Cross15		[412, 326]
	Cross16		[514, 442]
	Cross17		[484, 333]
	Cross18		[324, 271]
	Cross19		[341, 317]
	Cross20		[243, 297]
	Cross21		[228, 245]
	Cross22		[289, 236]
	Cross23		[597, 419]
	Cross24		[295, 323]
	Start - 21 - 20 - 24 - 19 - 15 - 11 - 16 - 23 - 4 - 2 - End
	Start - 2 - 3 - 5 - 10 - 17 - 6 - 23 - 4 - 14 - 17 - 11 - 12 - 13 - 7 - 8 - 21 - 22 - 18 - 19 - 13 - 9 - 1 - End
	Start - 16 - 6 - 14 - 0 - 5 - 18 - 24 - 7 - 9 - End
	Start - 1 - 8 - 20 - 22 - 3 - 0 - 10 - 15 - 12 - End
all end used!
	LINE	INDEX	CROSS	CLASS
0	119	120	262	263	390	391	508	
	1	0	21	1
	1	1	20	1
	1	2	24	1
	1	3	19	1
	1	4	15	1
	1	5	11	1
	1	6	16	1
	1	7	23	1
	1	8	4	1
	1	9	2	1
	2	10	2	0
	2	11	3	0
	2	12	5	0
	2	13	10	0
	2	14	17	1
	2	15	6	0
	2	16	23	0
	2	17	4	0
	2	18	14	0
	2	19	17	0
	2	20	11	0
	2	21	12	0
	2	22	13	0
	2	23	7	0
	2	24	8	0
	2	25	21	0
	2	26	22	0
	2	27	18	0
	2	28	19	0
	2	29	13	1
	2	30	9	0
	2	31	1	0
	3	32	16	0
	3	33	6	1
	3	34	14	1
	3	35	0	1
	3	36	5	1
	3	37	18	1
	3	38	24	0
	3	39	7	1
	3	40	9	1
	4	41	1	1
	4	42	8	1
	4	43	20	0
	4	44	22	1
	4	45	3	1
	4	46	0	0
	4	47	10	1
	4	48	15	0
	4	49	12	1
=======================================119
======= I ========

