		===== 【START】 =====


NOW IN Init()
Published rgbimg successed!
800640
端点：378 86
端点：92 106
端点：712 285
端点：83 297
端点：715 356
端点：629 452
端点：321 465
端点：667 489
端点：715 548
端点：84 551
端点：351 555
端点：491 555
0=============
	Cross0		[404, 123]
	Cross1		[627, 260]
	Cross2		[354, 200]
	Cross3		[664, 218]
	Cross4		[264, 422]
	Cross5		[511, 206]
	Cross6		[255, 373]
	Cross7		[125, 375]
	Cross8		[411, 223]
	Cross9		[137, 142]
	Cross10		[248, 154]
	Cross11		[458, 482]
	Cross12		[457, 254]
	Cross13		[642, 333]
	Cross14		[141, 533]
	Cross15		[572, 315]
	Cross16		[172, 279]
	Cross17		[235, 239]
	Cross18		[420, 176]
	Cross19		[434, 302]
	Cross20		[498, 281]
	Cross21		[560, 476]
	Cross22		[273, 195]
	Cross23		[552, 259]
	Cross24		[329, 542]
	Cross25		[305, 245]
	Cross26		[216, 405]
	Cross27		[348, 429]
	Cross28		[423, 425]
	Cross29		[175, 334]
	Cross30		[648, 415]
	Cross31		[374, 316]
	Cross32		[686, 348]
	Cross33		[279, 481]
	Cross34		[256, 287]
	Cross35		[113, 290]
	Cross36		[371, 378]
	Cross37		[295, 345]
	Cross38		[527, 523]
	Cross39		[515, 432]
	Cross40		[575, 434]
	Cross41		[121, 449]
	Cross42		[191, 490]
	Start - 0 - 18 - 8 - 25 - 22 - 10 - 9 - 35 - 7 - 26 - 6 - 37 - 31 - 19 - 20 - 23 - 1 - 32 - 30 - 40 - 39 - 28 - 27 - 4 - 26 - 29 - 16 - 17 - 34 - 6 - 4 - 33 - 24 - End
	Start - 9 - 10 - 0 - 3 - 3 - End
	Start - 35 - 16 - 17 - 22 - 2 - 8 - 12 - 20 - 15 - 13 - 32 - End
	Start - 21 - 11 - 28 - 39 - 11 - 27 - 36 - 31 - 37 - 36 - 19 - 12 - 5 - 1 - 13 - 30 - End
	Start - 33 - 42 - 41 - 7 - 29 - 34 - 25 - 2 - 18 - 5 - 23 - 15 - 40 - 21 - 38 - End
	Start - 38 - 24 - 14 - 41 - 42 - 14 - End
all end used!
	LINE	INDEX	CROSS	CLASS
0	226	227	355	356	404	405	589	590	677	678	806	
	1	0	0	0
	1	1	18	0
	1	2	8	0
	1	3	25	0
	1	4	22	0
	1	5	10	0
	1	6	9	0
	1	7	35	1
	1	8	7	0
	1	9	26	0
	1	10	6	0
	1	11	37	1
	1	12	31	1
	1	13	19	0
	1	14	20	0
	1	15	23	1
	1	16	1	0
	1	17	32	1
	1	18	30	1
	1	19	40	0
	1	20	39	1
	1	21	28	1
	1	22	27	1
	1	23	4	0
	1	24	26	1
	1	25	29	0
	1	26	16	0
	1	27	17	1
	1	28	34	0
	1	29	6	1
	1	30	4	1
	1	31	33	1
	1	32	24	0
	2	33	9	1
	2	34	10	1
	2	35	0	1
	2	36	3	0
	2	37	3	1
	3	38	35	0
	3	39	16	1
	3	40	17	0
	3	41	22	1
	3	42	2	0
	3	43	8	1
	3	44	12	0
	3	45	20	1
	3	46	15	1
	3	47	13	0
	3	48	32	0
	4	49	21	0
	4	50	11	1
	4	51	28	0
	4	52	39	0
	4	53	11	0
	4	54	27	0
	4	55	36	0
	4	56	31	0
	4	57	37	0
	4	58	36	1
	4	59	19	1
	4	60	12	1
	4	61	5	0
	4	62	1	1
	4	63	13	1
	4	64	30	0
	5	65	33	0
	5	66	42	1
	5	67	41	1
	5	68	7	1
	5	69	29	1
	5	70	34	1
	5	71	25	1
	5	72	2	1
	5	73	18	1
	5	74	5	1
	5	75	23	0
	5	76	15	0
	5	77	40	1
	5	78	21	1
	5	79	38	0
	6	80	38	1
	6	81	24	1
	6	82	14	0
	6	83	41	0
	6	84	42	0
	6	85	14	1
=======================================128
======= I ========

		ROUND: 717172998

